query<-list()
query$pid="fao_capture_flag_dbquery_advanced_multiyear"
query$layer="fao_capture_dbquery_layer_adv_multiyear"
query$csw_server="https://geonetwork-sdi-lab.d4science.org/geonetwork/srv/eng/csw"
query$csw_version="2.0.2"
query$wfs_server="https://geoserver-sdi-lab.d4science.org/geoserver/sdilab_fisheriesatlas/ows"
query$wfs_version="1.0.0"
query$feature_geom="true"
query$wms_server="https://geoserver-sdi-lab.d4science.org/geoserver/sdilab_fisheriesatlas/wms"
query$wms_version="1.1.0"
query$strategy="ogc_viewparams"
query$par="year:2002+2003+2004+2005+2006+2007+2008+2009+2010+2011+2012+2013+2014+2015+2016+2017+2018;aggregation_method:sum&geom=geometry"
#query$par="year:2002+2003+2004+2005+2006+2007+2008+2009+2010+2011+2012+2013+2014+2015+2016+2017+2018;aggregation_method:none_Withgeom&geom=geometry"
query$x=-61.34765625
query$y=10.50292968750001
query$srs="EPSG:4326"
query$dsd="%5B%7B%22name%22:%22Flagstate%22,%22definition%22:%22Flagging%20country%20of%20the%20fishing%20vessels.%22,%22primitiveCode%22:%22flag%22,%22primitiveType%22:%22xsd:string%22,%22columnType%22:%22attribute%22,%22minOccurs%22:0,%22maxOccurs%22:null,%22uom%22:null,%22uomLabel%22:null%7D,%7B%22name%22:%22Species%22,%22definition%22:%22Species%20captured,%20based%20the%20ASFIS%20list%20of%20species%20for%20fishery%20statistics%20purposes.%22,%22primitiveCode%22:%22species%22,%22primitiveType%22:%22xsd:string%22,%22columnType%22:%22attribute%22,%22minOccurs%22:0,%22maxOccurs%22:null,%22uom%22:null,%22uomLabel%22:null%7D,%7B%22name%22:%22Area%22,%22definition%22:%22FAO%20Major%20area%20for%20statistical%20purposes%22,%22primitiveCode%22:%22f_area%22,%22primitiveType%22:%22xsd:string%22,%22columnType%22:%22attribute%22,%22minOccurs%22:0,%22maxOccurs%22:null,%22uom%22:null,%22uomLabel%22:null%7D,%7B%22name%22:%22Capture%22,%22definition%22:%22Quantity%20of%20fish%20in%20number%20or%20biomass%20harvested%20in%20a%20given%20stratum%22,%22primitiveCode%22:%22capture%22,%22primitiveType%22:%22xsd:decimal%22,%22columnType%22:%22variable%22,%22minOccurs%22:1,%22maxOccurs%22:1,%22uom%22:%22t%22,%22uomLabel%22:%22metric_ton%22%7D,%7B%22name%22:%22Type%20of%20water%22,%22definition%22:%22Marine%20or%20inland%20area%22,%22primitiveCode%22:%22f_area_type%22,%22primitiveType%22:%22xsd:string%22,%22columnType%22:%22attribute%22,%22minOccurs%22:0,%22maxOccurs%22:null,%22uom%22:null,%22uomLabel%22:null%7D,%7B%22name%22:%22Year%22,%22definition%22:%22Year%22,%22primitiveCode%22:%22year%22,%22primitiveType%22:%22xsd:int%22,%22columnType%22:%22attribute%22,%22minOccurs%22:1,%22maxOccurs%22:null,%22uom%22:null,%22uomLabel%22:null%7D,%7B%22name%22:%22geometry%22,%22definition%22:null,%22primitiveCode%22:%22geometry%22,%22primitiveType%22:%22gml:MultiPolygonPropertyType%22,%22columnType%22:%22attribute%22,%22minOccurs%22:0,%22maxOccurs%22:null,%22uom%22:null,%22uomLabel%22:null%7D,%7B%22name%22:%22Aggregation%20method%22,%22definition%22:%22Method%20of%20aggregation%22,%22primitiveCode%22:%22aggregation_method%22,%22primitiveType%22:%22xsd:string%22,%22columnType%22:%22attribute%22,%22minOccurs%22:1,%22maxOccurs%22:1,%22uom%22:null,%22uomLabel%22:null%7D%5D"
query
